Percentage served,Time in ms
0,15.427
1,16.728
2,25.656
3,29.741
4,30.254
5,30.765
6,31.350
7,31.881
8,32.306
9,32.728
10,33.444
11,33.688
12,34.035
13,34.278
14,34.609
15,35.083
16,35.447
17,35.957
18,36.219
19,36.473
20,36.727
21,37.006
22,37.262
23,37.354
24,37.700
25,37.865
26,38.081
27,38.326
28,38.872
29,39.305
30,39.605
31,39.870
32,40.122
33,40.229
34,40.344
35,40.674
36,40.798
37,40.980
38,41.300
39,41.465
40,41.602
41,41.979
42,42.551
43,42.814
44,43.079
45,43.335
46,43.645
47,43.778
48,43.993
49,44.242
50,44.385
51,44.551
52,44.733
53,44.899
54,45.102
55,45.359
56,45.442
57,45.677
58,46.065
59,46.287
60,46.582
61,46.928
62,47.679
63,48.699
64,50.210
65,51.570
66,51.979
67,52.710
68,53.114
69,53.880
70,54.342
71,54.782
72,54.982
73,55.399
74,55.753
75,55.950
76,56.291
77,56.611
78,57.252
79,57.499
80,58.070
81,58.376
82,58.656
83,58.874
84,59.137
85,59.291
86,59.749
87,60.268
88,61.357
89,61.943
90,62.701
91,63.443
92,64.935
93,65.530
94,67.781
95,70.075
96,72.374
97,74.091
98,75.241
99,78.430
100,81.897
